---------------------------------------------------------------------------

following = {'Ego Vehicle': {'Ego longitudinal activity': ['NA'], 
    'Ego lateral activity': ['follow lane']}, 
    'Target Vehicle #1': {'Target start position': {'same lane': ['behind']}, 
    'Target end position': {'same lane': ['behind']}, 
    'Target behavior': {'target longitudinal activity': ['NA'], 
    'target lateral activity': ['follow lane']}}}

numOfScenario = 2320

# [EgoVehID, [TgtVehID], begFrame, endFrame]
[[1, [5], 1, 69], [2, [4], 1, 91], [3, [11], 1, 92], [4, [8], 1, 100], [5, [13], 1, 132], [6, [20], 7, 133], [7, [9], 1, 87], [8, [10], 1, 212], [9, [12], 1, 241], [11, [23], 86, 274], [12, [21], 28, 281], [13, [15], 1, 339], [14, [24], 99, 364], [15, [28], 155, 400], [16, [2], 2, 43], [17, [18], 2, 170], [18, [14], 2, 195], [19, [13], 2, 232], [20, [29], 161, 276], [21, [26], 142, 340], [22, [11], 38, 38], [23, [31], 179, 217], [24, [27], 143, 524], [25, [23], 137, 137], [26, [33], 199, 477], [27, [32], 182, 218], [28, [35], 229, 617], [29, [40], 266, 474], [30, [37], 247, 279], [31, [34], 209, 217], [33, [36], 239, 523], [34, [44], 301, 511], [35, [38], 254, 694], [36, [41], 270, 657], [37, [47], 345, 410], [38, [42], 284, 723], [39, [46], 337, 711], [40, [43], 298, 530], [41, [53], 449, 691], [42, [49], 362, 750], [43, [45], 326, 530], [44, [55], 469, 570], [45, [48], 358, 640], [46, [54], 456, 787], [48, [52], 443, 689], [49, [50], 413, 417], [51, [61], 530, 768], [52, [56], 473, 751], [53, [58], 483, 884], [54, [73], 647, 883], [55, [63], 581, 620], [56, [59], 488, 803], [57, [64], 581, 926], [58, [60], 511, 913], [59, [66], 599, 830], [60, [69], 637, 944], [61, [62], 552, 837], [62, [65], 585, 865], [63, [67], 605, 620], [64, [74], 647, 1024], [65, [72], 642, 933], [66, [68], 616, 925], [67, [71], 642, 898], [68, [70], 638, 943], [69, [75], 673, 959], [70, [76], 674, 972], [71, [77], 678, 951], [72, [84], 720, 958], [73, [82], 714, 1057], [74, [81], 713, 1076], [75, [80], 709, 959], [76, [79], 707, 1009], [77, [78], 699, 992], [78, [90], 808, 1019], [79, [86], 749, 1037], [80, [88], 801, 1087], [81, [89], 804, 1167], [82, [83], 716, 1129], [83, [94], 829, 1175], [84, [85], 736, 816], [85, [91], 810, 816], [86, [87], 793, 1091], [87, [92], 812, 1134], [88, [95], 834, 1055], [89, [103], 914, 1267], [90, [105], 933, 1071], [91, [93], 824, 1123], [92, [96], 842, 1151], [93, [97], 845, 1150], [94, [104], 930, 1274], [95, [99], 862, 1055], [96, [98], 860, 1181], [97, [100], 868, 1178], [98, [101], 891, 1199], [99, [102], 907, 1220], [100, [107], 952, 1207], [101, [106], 946, 1222], [102, [109], 990, 1267], [103, [121], 1130, 1374], [104, [110], 1017, 1356], [105, [113], 1030, 1152], [106, [108], 974, 974], [107, [114], 1040, 1349], [109, [112], 1021, 1363], [110, [116], 1079, 1457], [111, [132], 1249, 1331], [112, [115], 1053, 1405], [113, [117], 1082, 1337], [114, [122], 1138, 1414], [115, [118], 1085, 1431], [116, [124], 1155, 1522], [117, [120], 1127, 1400], [118, [119], 1113, 1455], [119, [123], 1146, 1483], [120, [125], 1158, 1455], [121, [127], 1177, 1565], [122, [126], 1166, 1506], [123, [129], 1206, 1507], [124, [128], 1194, 1607], [125, [130], 1217, 1489], [126, [133], 1255, 1530], [127, [131], 1221, 1612], [128, [134], 1263, 1634], [129, [138], 1315, 1562], [130, [135], 1275, 1547], [131, [136], 1292, 1646], [132, [137], 1296, 1572], [133, [141], 1334, 1573], [134, [140], 1333, 1703], [135, [145], 1366, 1585], [136, [139], 1326, 1326], [137, [142], 1336, 1623], [138, [144], 1363, 1664], [140, [149], 1413, 1775], [141, [153], 1444, 1654], [142, [143], 1349, 1682], [143, [146], 1388, 1698], [144, [147], 1390, 1709], [145, [148], 1402, 1640], [146, [151], 1437, 1719], [147, [152], 1437, 1737], [148, [150], 1432, 1603], [149, [158], 1541, 1864], [150, [154], 1459, 1603], [151, [162], 1574, 1752], [152, [156], 1489, 1774], [153, [164], 1575, 1812], [154, [155], 1482, 1759], [155, [159], 1542, 1778], [156, [165], 1576, 1817], [157, [172], 1678, 1956], [158, [161], 1572, 1964], [159, [160], 1559, 1844], [160, [163], 1574, 1865], [161, [168], 1649, 2024], [162, [180], 1761, 1855], [163, [166], 1605, 1878], [164, [167], 1623, 1685], [165, [171], 1664, 1899], [166, [170], 1662, 1905], [167, [169], 1650, 1685], [168, [174], 1696, 2088], [169, [176], 1725, 2049], [170, [179], 1748, 1970], [171, [173], 1695, 1826], [172, [177], 1737, 2106], [174, [175], 1713, 2142], [175, [178], 1746, 2163], [176, [181], 1766, 2056], [177, [185], 1867, 2157], [178, [188], 1921, 2198], [179, [183], 1798, 2051], [181, [182], 1796, 2056], [182, [186], 1868, 2179], [183, [184], 1821, 2107], [184, [187], 1898, 2131], [185, [189], 1921, 2303], [186, [195], 1964, 2210], [187, [190], 1928, 2183], [188, [191], 1941, 2291], [189, [199], 2025, 2087], [190, [194], 1954, 1997], [191, [207], 2069, 2338], [192, [209], 2099, 2358], [193, [197], 1990, 2077], [194, [196], 1978, 1997], [195, [204], 2061, 2338], [196, [198], 2010, 2100], [197, [201], 2029, 2320], [198, [200], 2029, 2339], [200, [203], 2048, 2352], [201, [202], 2046, 2362], [202, [205], 2064, 2379], [203, [206], 2067, 2380], [204, [212], 2113, 2338], [205, [208], 2098, 2413], [206, [210], 2101, 2405], [207, [215], 2156, 2538], [208, [213], 2119, 2436], [209, [223], 2223, 2372], [210, [214], 2127, 2437], [211, [222], 2220, 2483], [212, [220], 2215, 2525], [213, [221], 2216, 2464], [214, [216], 2166, 2465], [215, [218], 2195, 2610], [216, [217], 2190, 2505], [217, [219], 2210, 2359], [218, [227], 2242, 2657], [219, [225], 2238, 2359], [220, [228], 2249, 2622], [221, [224], 2234, 2527], [222, [226], 2241, 2656], [223, [229], 2251, 2372], [224, [235], 2344, 2538], [225, [230], 2274, 2605], [226, [239], 2371, 2678], [227, [234], 2332, 2699], [228, [231], 2306, 2663], [229, [233], 2332, 2609], [230, [232], 2322, 2643], [231, [236], 2349, 2700], [232, [246], 2429, 2674], [233, [237], 2357, 2687], [234, [251], 2497, 2791], [235, [238], 2358, 2665], [236, [243], 2408, 2757], [237, [244], 2420, 2730], [238, [240], 2374, 2685], [239, [242], 2406, 2801], [240, [241], 2401, 2706], [241, [255], 2540, 2730], [242, [250], 2476, 2828], [243, [247], 2449, 2826], [244, [258], 2592, 2758], [245, [243], 2422, 2422], [246, [248], 2463, 2741], [247, [249], 2464, 2860], [248, [253], 2539, 2779], [249, [257], 2565, 2879], [250, [252], 2526, 2904], [251, [254], 2539, 2940], [252, [259], 2592, 2963], [253, [267], 2681, 2841], [254, [256], 2557, 2986], [255, [261], 2603, 2874], [256, [262], 2614, 3009], [257, [260], 2595, 2908], [258, [263], 2621, 2912], [259, [265], 2658, 3050], [260, [271], 2717, 2954], [261, [264], 2650, 2922], [262, [266], 2671, 3057], [263, [268], 2681, 2986], [264, [270], 2714, 2969], [265, [273], 2729, 3094], [266, [279], 2770, 3093], [267, [269], 2701, 2776], [268, [286], 2824, 3022], [269, [272], 2721, 2776], [270, [276], 2744, 3023], [271, [274], 2737, 3069], [272, [275], 2740, 3032], [273, [288], 2837, 2877], [274, [278], 2765, 3098], [275, [280], 2776, 3052], [276, [277], 2755, 3052], [277, [281], 2778, 3062], [278, [283], 2807, 3119], [279, [285], 2813, 3212], [280, [284], 2812, 3087], [281, [294], 2890, 3093], [282, [278], 2785, 2785], [283, [293], 2886, 3153], [284, [287], 2829, 3128], [285, [289], 2854, 3268], [286, [296], 2910, 2911], [287, [290], 2857, 3148], [288, [291], 2867, 2877], [289, [299], 2937, 3297], [290, [292], 2877, 3160], [291, [300], 2939, 3264], [292, [298], 2937, 3201], [293, [302], 2955, 3266], [294, [295], 2909, 2992], [295, [297], 2927, 2992], [297, [304], 2963, 3252], [298, [306], 2981, 3277], [299, [323], 3171, 3390], [300, [307], 2995, 3368], [302, [305], 2970, 3332], [303, [312], 3028, 3309], [304, [310], 3027, 3142], [305, [308], 3002, 3352], [306, [309], 3006, 3333], [307, [315], 3050, 3426], [308, [313], 3036, 3389], [309, [311], 3028, 3357], [310, [314], 3050, 3142], [311, [334], 3297, 3393], [312, [316], 3052, 3411], [313, [322], 3166, 3426], [314, [319], 3102, 3102], [315, [318], 3097, 3500], [316, [317], 3081, 3427], [317, [320], 3119, 3468], [318, [326], 3194, 3575], [320, [325], 3194, 3513], [321, [335], 3297, 3504], [322, [328], 3220, 3502], [323, [324], 3176, 3601], [324, [329], 3222, 3605], [325, [327], 3213, 3569], [326, [337], 3333, 3691], [327, [330], 3230, 3595], [328, [331], 3247, 3545], [329, [332], 3257, 3679], [330, [336], 3303, 3612], [331, [333], 3288, 3566], [332, [343], 3409, 3706], [333, [347], 3462, 3686], [335, [339], 3352, 3593], [336, [338], 3338, 3712], [337, [345], 3440, 3764], [338, [351], 3500, 3500], [339, [341], 3376, 3678], [340, [333], 3373, 3373], [341, [342], 3396, 3709], [342, [346], 3448, 3462], [343, [365], 3708, 3834], [347, [350], 3488, 3800], [348, [349], 348

--------------------------------------------------------------------------------

cut_in_left = {'Ego Vehicle': {'Ego longitudinal activity': ['NA'], 
    'Ego lateral activity': ['follow lane']}, 
    'Target Vehicle #1': {'Target start position': {'adjacent lane': ['left adjacent lane']}, 
    'Target end position': {'same lane': ['front']}, 
    'Target behavior': {'target longitudinal activity': ['NA'], 
    'target lateral activity': ['lane change right']}}}

numOfScenario = 206

# [EgoVehID, [TgtVehID], begFrame, endFrame]
[[13, [7], 87, 204], [19, [7], 87, 204], [27, [30], 279, 586], [36, [43], 530, 611], [39, [30], 279, 586], [41, [43], 530, 611], [65, [63], 620, 855], [74, [75], 959, 1058], [81, [75], 959, 1058], [89, [95], 1055, 1168], [109, [108], 990, 1151], [153, [150], 1603, 1715], [172, [173], 1826, 1997], [177, [173], 1826, 1997], [185, [173], 1867, 1997], [189, [173], 1921, 1997], [192, [180], 1946, 2057], [195, [194], 1997, 2129], [207, [204], 2338, 2452], [220, [219], 2359, 2565], [222, [223], 2372, 2586], [226, [223], 2372, 2586], [271, [269], 2776, 2948], [300, [296], 2939, 3312], [303, [295], 2992, 3134], [312, [310], 3142, 3360], [316, [310], 3142, 3360], [320, [319], 3119, 3335], [353, [346], 3529, 3631], [356, [355], 3595, 3744], [367, [369], 3866, 3973], [381, [371], 3876, 4166], [390, [388], 3974, 4024], [392, [390], 4024, 4272], [393, [395], 4087, 4328], [394, [396], 4107, 4380], [397, [395], 4087, 4328], [398, [396], 4107, 4380], [401, [396], 4107, 4380], [429, [428], 4446, 4656], [448, [450], 4791, 5037], [466, [464], 4970, 5123], [474, [476], 5039, 5234], [479, [476], 5039, 5234], [486, [476], 5115, 5234], [488, [476], 5153, 5234], [509, [507], 5537, 5702], [514, [505], 5511, 5752], [538, [537], 5789, 6111], [540, [547], 5944, 6216], [548, [547], 5944, 6216], [565, [571], 6208, 6512], [569, [568], 6201, 6451], [572, [566], 6228, 6339], [584, [586], 6612, 6724], [621, [619], 6853, 6963], [623, [618], 6902, 7068], [638, [639], 7235, 7445], [647, [642], 7175, 7402], [665, [667], 7504, 7704], [690, [685], 7736, 7835], [691, [690], 7835, 8094], [694, [696], 7897, 8063], [698, [699], 7939, 8193], [705, [699], 7939, 8193], [707, [706], 7983, 8264], [709, [706], 7983, 8264], [727, [725], 8299, 8553], [750, [748], 8412, 8673], [766, [765], 8620, 8888], [768, [765], 8620, 8888], [797, [794], 8928, 8988], [822, [821], 9217, 9500], [824, [821], 9244, 9500], [827, [821], 9254, 9500], [830, [821], 9300, 9500], [832, [833], 9473, 9607], [844, [843], 9556, 9741], [846, [840], 9533, 9659], [847, [846], 9659, 9905], [849, [846], 9659, 9905], [851, [840], 9562, 9605], [854, [846], 9659, 9905], [875, [874], 10085, 10223], [900, [895], 10309, 10455], [943, [939], 10844, 10932], [950, [942], 10969, 11073], [960, [959], 11190, 11381], [965, [959], 11190, 11381], [967, [969], 11334, 11451], [981, [977], 11375, 11600], [982, [977], 11413, 11600], [986, [977], 11453, 11600], [998, [997], 11722, 11916], [999, [995], 11599, 11849], [1002, [997], 11722, 11916], [1035, [1031], 12138, 12232], [1036, [1032], 11986, 12130], [1051, [1052], 12269, 12457], [1103, [1102], 12851, 13031], [1104, [1100], 12923, 13140], [1108, [1100], 12923, 13209], [1110, [1101], 12966, 13171], [1166, [1162], 13718, 13972], [1175, [1173], 13837, 14094], [1187, [1189], 14113, 14281], [1190, [1189], 14113, 14281], [1198, [1201], 14352, 14488], [1234, [1230], 14732, 14903], [1237, [1235], 14917, 15056], [1241, [1235], 14917, 15056], [1246, [1240], 14897, 15126], [1249, [1240], 14939, 15126], [1263, [1261], 15105, 15354], [1313, [1311], 15626, 15740], [1314, [1312], 15625, 15813], [1316, [1315], 15786, 15945], [1317, [1312], 15679, 15861], [1344, [1347], 16179, 16358], [1345, [1346], 16149, 16422], [1349, [1347], 16179, 16358], [1353, [1347], 16179, 16358], [1373, [1370], 16321, 16623], [1376, [1370], 16369, 16623], [1379, [1383], 16496, 16804], [1387, [1383], 16496, 16804], [1391, [1383], 16536, 16804], [1397, [1399], 16873, 17026], [1400, [1399], 16873, 17026], [1401, [1404], 16774, 16976], [1403, [1399], 16873, 17026], [1435, [1432], 17230, 17263], [1437, [1435], 17263, 17377], [1442, [1438], 17334, 17700], [1477, [1475], 17815, 17951], [1481, [1475], 17815, 17951], [1506, [1509], 18253, 18474], [1512, [1509], 18253, 18474], [1513, [1511], 18158, 18307], [1528, [1521], 18315, 18581], [1536, [1534], 18444, 18548], [1537, [1534], 18454, 18548], [1541, [1538], 18622, 18764], [1576, [1575], 18925, 19207], [1578, [1575], 18944, 19207], [1605, [1602], 19373, 19514], [1611, [1608], 19569, 19646], [1659, [1658], 19916, 20092], [1660, [1658], 19916, 20092], [1670, [1669], 20166, 20275], [1699, [1697], 20339, 20440], [1731, [1730], 20849, 20983], [1752, [1748], 21180, 21288], [1759, [1757], 21257, 21417], [1818, [1819], 21961, 22085], [1840, [1836], 22165, 22260], [1842, [1834], 22054, 22216], [1899, [1898], 22830, 23106], [1910, [1908], 23015, 23105], [1913, [1910], 23105, 23312], [1915, [1914], 23153, 23287], [1919, [1916], 23208, 23351], [1925, [1924], 23270, 23449], [1929, [1924], 23270, 23449], [1940, [1935], 23431, 23618], [1948, [1947], 23554, 23758], [1960, [1961], 23954, 24050], [1964, [1961], 23954, 24050], [1977, [1976], 24088, 24221], [1979, [1974], 24104, 24254], [1981, [1974], 24159, 24254], [1995, [1991], 24339, 24720], [1999, [1998], 24613, 24806], [2006, [1998], 24613, 24806], [2021, [2020], 24726, 24994], [2027, [2020], 24726, 24994], [2096, [2100], 25507, 25657], [2100, [2098], 25370, 25507], [2103, [2100], 25507, 25657], [2107, [2100], 25507, 25657], [2111, [2100], 25510, 25657], [2118, [2116], 25710, 25801], [2119, [2121], 25908, 26053], [2131, [2121], 25913, 26053], [2134, [2130], 25945, 26257], [2142, [2141], 26136, 26342], [2148, [2143], 26114, 26217], [2152, [2143], 26117, 26280], [2156, [2143], 26187, 26280], [2183, [2178], 26444, 26870], [2196, [2195], 26631, 27015], [2207, [2203], 26716, 26871], [2259, [2258], 27440, 27621], [2260, [2258], 27440, 27621], [2278, [2267], 27583, 27774], [2281, [2276], 27651, 28043], [2293, [2291], 27798, 27889], [2303, [2297], 27926, 28126], [2327, [2325], 28327, 28479], [2331, [2329], 28405, 28535], [2374, [2372], 28994, 29205], [2445, [2443], 29899, 30273], [2453, [2451], 29964, 30201], [2478, [2480], 30271, 30440], [2484, [2480], 30271, 30440], [2493, [2480], 30328, 30440]]


cut_in_right = {'Ego Vehicle': {'Ego longitudinal activity': ['keep velocity'], 
    'Ego lateral activity': ['follow lane']}, 
    'Target Vehicle #1': {'Target start position': {'adjacent lane': ['right adjacent lane']}, 
    'Target end position': {'same lane': ['front']}, 
    'Target behavior': {'target longitudinal activity': ['acceleration'], 
    'target lateral activity': ['lane change left']}}}

numOfScenario = 136

# [EgoVehID, [TgtVehID], begFrame, endFrame]
[[37, [32], 247, 390], [53, [50], 449, 848], [55, [47], 469, 650], [58, [50], 483, 848], [90, [85], 816, 1046], [144, [139], 1363, 1566], [147, [139], 1390, 1566], [179, [167], 1748, 1992], [187, [181], 2056, 2144], [209, [199], 2099, 2376], [253, [245], 2539, 2712], [284, [282], 2812, 3071], [304, [301], 2963, 3245], [366, [354], 3708, 3992], [405, [384], 4092, 4317], [414, [404], 4199, 4417], [423, [417], 4463, 4580], [434, [426], 4535, 4652], [436, [426], 4561, 4652], [452, [442], 4717, 4869], [481, [475], 5018, 5207], [514, [511], 5511, 5856], [516, [511], 5551, 5856], [519, [511], 5574, 5856], [597, [591], 6674, 6798], [629, [627], 6981, 7128], [717, [712], 8161, 8417], [719, [714], 8079, 8278], [777, [773], 8741, 8882], [908, [899], 10493, 10628], [928, [920], 10686, 10845], [945, [937], 10914, 11059], [1007, [1001], 11787, 11993], [1020, [1019], 11862, 12113], [1022, [1016], 11800, 12087], [1059, [1055], 12205, 12293], [1067, [1047], 12335, 12500], [1105, [1098], 12866, 12958], [1110, [1104], 13140, 13237], [1112, [1104], 13140, 13237], [1135, [1120], 13430, 13523], [1169, [1165], 13750, 13886], [1180, [1169], 13919, 14083], [1189, [1184], 14037, 14113], [1232, [1226], 14671, 14940], [1238, [1233], 14900, 15083], [1245, [1243], 14923, 15030], [1259, [1249], 15223, 15291], [1307, [1302], 15537, 15737], [1316, [1314], 15813, 15987], [1319, [1305], 15779, 15908], [1320, [1314], 15813, 15909], [1334, [1320], 15909, 16039], [1343, [1330], 16084, 16154], [1359, [1357], 16173, 16501], [1408, [1402], 16781, 17028], [1414, [1407], 16958, 17126], [1433, [1423], 17497, 17567], [1467, [1465], 17600, 17842], [1486, [1476], 17877, 18099], [1520, [1514], 18223, 18410], [1523, [1514], 18244, 18410], [1525, [1514], 18270, 18410], [1553, [1541], 18764, 18893], [1558, [1552], 18702, 18896], [1563, [1560], 18703, 18875], [1594, [1592], 19169, 19334], [1627, [1623], 19484, 19720], [1628, [1629], 19723, 19861], [1632, [1629], 19723, 19861], [1639, [1629], 19723, 19861], [1642, [1629], 19723, 19861], [1645, [1635], 19670, 19917], [1646, [1629], 19723, 19861], [1688, [1687], 20224, 20483], [1689, [1687], 20249, 20483], [1699, [1694], 20339, 20440], [1705, [1694], 20407, 20589], [1711, [1706], 20504, 20803], [1714, [1706], 20519, 20803], [1727, [1706], 20691, 20803], [1728, [1724], 20744, 20911], [1730, [1724], 20770, 20849], [1731, [1723], 20770, 20860], [1762, [1756], 21141, 21301], [1767, [1760], 21177, 21333], [1809, [1806], 21711, 21870], [1840, [1821], 22046, 22280], [1848, [1846], 22113, 22412], [1885, [1874], 22541, 22680], [1896, [1883], 22781, 22849], [1903, [1891], 22873, 23143], [1905, [1891], 22902, 23143], [1930, [1917], 23245, 23438], [1953, [1951], 23625, 23863], [1958, [1954], 23904, 24006], [1978, [1973], 24087, 24177], [2028, [2023], 24653, 24900], [2064, [2061], 24969, 25306], [2066, [2061], 24989, 25256], [2070, [2061], 25011, 25240], [2101, [2090], 25375, 25561], [2104, [2095], 25451, 25682], [2151, [2147], 26116, 26335], [2158, [2153], 26330, 26508], [2163, [2153], 26330, 26508], [2166, [2158], 26510, 26621], [2168, [2148], 26275, 26337], [2169, [2153], 26330, 26508], [2171, [2165], 26366, 26674], [2180, [2173], 26460, 26622], [2184, [2164], 26487, 26681], [2200, [2179], 26640, 26718], [2254, [2252], 27474, 27776], [2268, [2252], 27500, 27776], [2325, [2315], 28243, 28327], [2334, [2322], 28372, 28494], [2335, [2320], 28320, 28444], [2342, [2333], 28420, 28477], [2347, [2330], 28687, 28827], [2350, [2344], 28608, 28782], [2351, [2340], 28627, 28760], [2382, [2371], 29087, 29381], [2399, [2389], 29394, 29616], [2420, [2412], 29597, 29837], [2427, [2424], 29708, 30012], [2431, [2424], 29738, 30012], [2434, [2425], 29842, 29986], [2437, [2433], 29792, 29926], [2445, [2407], 29885, 30410], [2462, [2430], 30032, 30959], [2466, [2448], 30332, 30868], [2470, [2448], 30332, 30868], [2475, [2448], 30332, 30868], [2513, [2500], 30624, 30781], [2529, [2526], 30828, 30894]]

------------------------------------------------------------------------------

cut_out_left = {'Ego Vehicle': {'Ego longitudinal activity': ['NA'], 
    'Ego lateral activity': ['follow lane']}, 
    'Target Vehicle #1': {'Target start position': {'same lane': ['front']}, 
    'Target end position': {'adjacent lane': ['left adjacent lane']}, 
    'Target behavior': {'target longitudinal activity': ['NA'], 
    'target lateral activity': ['lane change left']}}}

numOfScenario = 164

# [EgoVehID, [TgtVehId], begFrame, endFrame]
[[39, [32], 264, 390], [51, [47], 426, 650], [57, [50], 482, 848], [91, [85], 816, 1046], [169, [167], 1685, 1992], [182, [181], 2056, 2144], [211, [199], 2109, 2376], [247, [245], 2449, 2712], [249, [245], 2464, 2712], [283, [282], 2807, 3071], [291, [288], 2877, 3220], [303, [301], 2959, 3245], [361, [354], 3658, 3992], [368, [354], 3714, 3992], [387, [384], 4002, 4317], [394, [384], 4009, 4317], [398, [384], 4030, 4317], [411, [404], 4168, 4417], [412, [410], 4178, 4472], [416, [410], 4203, 4472], [422, [417], 4463, 4580], [447, [442], 4717, 4869], [474, [468], 4956, 5162], [479, [468], 4982, 5162], [482, [475], 5020, 5207], [506, [499], 5715, 5828], [518, [511], 5562, 5856], [595, [591], 6674, 6798], [716, [712], 8161, 8417], [717, [714], 8072, 8278], [780, [773], 8741, 8882], [899, [891], 10295, 10369], [905, [899], 10493, 10628], [913, [909], 10430, 10523], [915, [909], 10450, 10523], [926, [920], 10686, 10845], [946, [937], 10914, 11059], [1002, [1001], 11787, 11993], [1021, [1016], 11796, 12087], [1023, [1019], 11862, 12113], [1061, [1047], 12335, 12500], [1082, [1080], 12533, 12621], [1083, [1079], 12595, 12791], [1085, [1079], 12595, 12791], [1088, [1079], 12628, 12791], [1090, [1079], 12688, 12791], [1103, [1098], 12851, 12958], [1108, [1104], 13140, 13237], [1124, [1120], 13430, 13523], [1131, [1120], 13430, 13523], [1176, [1169], 13919, 14083], [1177, [1169], 13919, 14083], [1187, [1184], 14027, 14137], [1232, [1229], 14718, 14873], [1233, [1226], 14688, 14900], [1242, [1233], 14900, 15083], [1248, [1243], 14923, 15030], [1292, [1290], 15382, 15426], [1298, [1292], 15426, 15546], [1310, [1305], 15779, 15908], [1317, [1314], 15813, 15987], [1326, [1323], 15767, 15824], [1329, [1326], 16012, 16096], [1330, [1320], 15909, 16039], [1336, [1330], 16084, 16154], [1341, [1330], 16084, 16154], [1366, [1357], 16249, 16501], [1410, [1402], 16781, 17028], [1416, [1407], 16958, 17126], [1419, [1415], 16976, 17082], [1428, [1423], 17497, 17567], [1469, [1465], 17639, 17842], [1472, [1470], 17802, 17971], [1479, [1476], 17841, 18099], [1484, [1470], 17843, 17971], [1548, [1541], 18764, 18893], [1555, [1552], 18702, 18896], [1595, [1592], 19174, 19334], [1629, [1623], 19509, 19720], [1640, [1635], 19635, 19917], [1647, [1644], 19736, 20050], [1648, [1629], 19723, 19861], [1655, [1644], 19816, 20050], [1685, [1680], 20191, 20502], [1690, [1687], 20251, 20483], [1691, [1685], 20502, 20665], [1703, [1694], 20382, 20589], [1705, [1699], 20440, 20564], [1723, [1721], 20624, 20729], [1725, [1723], 20729, 20830], [1726, [1706], 20669, 20803], [1727, [1716], 20691, 20856], [1731, [1724], 20770, 20911], [1732, [1725], 20830, 21028], [1763, [1756], 21156, 21301], [1842, [1821], 22054, 22280], [1850, [1846], 22143, 22412], [1880, [1874], 22502, 22680], [1883, [1874], 22517, 22680], [1889, [1883], 22745, 22849], [1890, [1883], 22745, 22843], [1894, [1890], 22843, 22912], [1902, [1891], 22853, 23143], [1903, [1897], 22922, 23115], [1905, [1897], 22922, 23115], [1906, [1897], 22922, 23115], [1909, [1897], 22995, 23115], [1913, [1900], 23055, 23188], [1925, [1917], 23186, 23438], [1937, [1936], 23425, 23592], [1939, [1934], 23414, 23522], [1954, [1951], 23655, 23863], [1957, [1954], 23904, 24006], [1980, [1978], 24177, 24314], [1984, [1978], 24229, 24314], [2031, [2023], 24666, 24900], [2073, [2061], 25019, 25306], [2087, [2070], 25240, 25376], [2093, [2090], 25323, 25561], [2097, [2090], 25330, 25561], [2099, [2095], 25378, 25682], [2102, [2095], 25405, 25682], [2105, [2095], 25451, 25682], [2131, [2127], 25949, 26070], [2137, [2127], 25977, 26070], [2150, [2147], 26110, 26335], [2152, [2148], 26217, 26337], [2156, [2148], 26217, 26337], [2159, [2148], 26218, 26337], [2161, [2148], 26233, 26337], [2163, [2158], 26510, 26621], [2169, [2165], 26366, 26674], [2170, [2153], 26330, 26508], [2172, [2164], 26487, 26681], [2184, [2179], 26511, 26718], [2187, [2179], 26511, 26718], [2190, [2179], 26517, 26718], [2194, [2179], 26596, 26718], [2198, [2179], 26626, 26718], [2253, [2250], 27361, 27424], [2262, [2252], 27474, 27776], [2317, [2311], 28114, 28421], [2318, [2315], 28238, 28392], [2319, [2315], 28238, 28392], [2322, [2315], 28238, 28372], [2324, [2320], 28235, 28444], [2327, [2322], 28372, 28494], [2330, [2324], 28455, 28687], [2335, [2333], 28359, 28477], [2340, [2326], 28395, 28454], [2346, [2330], 28687, 28827], [2347, [2345], 28635, 28837], [2348, [2344], 28576, 28782], [2377, [2371], 29087, 29381], [2396, [2389], 29394, 29616], [2415, [2412], 29522, 29837], [2417, [2407], 29613, 30410], [2426, [2425], 29842, 29986], [2428, [2424], 29708, 30012], [2432, [2425], 29842, 29986], [2452, [2448], 30332, 30868], [2464, [2407], 30045, 30410], [2509, [2500], 30556, 30781], [2527, [2526], 30807, 30894]]

cut_out_right = {'Ego Vehicle': {'Ego longitudinal activity': ['keep velocity'], 
    'Ego lateral activity': ['follow lane']}, 
    'Target Vehicle #1': {'Target start position': {'same lane': ['front']}, 
    'Target end position': {'adjacent lane': ['right adjacent lane']}, 
    'Target behavior': {'target longitudinal activity': ['acceleration'], 
    'target lateral activity': ['lane change right']}}}

numOfScenario = 198

# [EgoVehID, [TgtVehId], begFrame, endFrame]
[[9, [7], 87, 204], [34, [31], 217, 459], [37, [30], 279, 586], [45, [43], 530, 611], [67, [63], 620, 855], [80, [75], 959, 1058], [99, [95], 1055, 1168], [154, [150], 1603, 1715], [155, [150], 1603, 1715], [192, [173], 1946, 1997], [193, [180], 1951, 2057], [196, [194], 1997, 2100], [197, [193], 2077, 2285], [198, [196], 2100, 2310], [200, [196], 2100, 2310], [212, [204], 2338, 2452], [225, [219], 2359, 2565], [229, [223], 2372, 2586], [272, [269], 2776, 2948], [275, [269], 2776, 2948], [297, [295], 2992, 3134], [303, [296], 2959, 3309], [304, [295], 2992, 3134], [314, [310], 3142, 3360], [321, [319], 3159, 3335], [348, [346], 3464, 3631], [349, [346], 3484, 3631], [358, [355], 3611, 3744], [364, [363], 3700, 3783], [372, [369], 3866, 3973], [373, [369], 3866, 3973], [375, [371], 3795, 4166], [378, [371], 3823, 4166], [382, [371], 3887, 4166], [389, [388], 3971, 4091], [393, [390], 4024, 4272], [397, [390], 4030, 4272], [399, [395], 4087, 4328], [405, [396], 4107, 4380], [430, [428], 4459, 4656], [454, [450], 4791, 5037], [457, [450], 4791, 5037], [467, [464], 4970, 5123], [472, [464], 4970, 5123], [504, [502], 5437, 5535], [505, [502], 5455, 5478], [510, [505], 5485, 5752], [512, [507], 5537, 5702], [513, [505], 5511, 5752], [539, [537], 5805, 6111], [553, [551], 6061, 6264], [570, [566], 6203, 6339], [572, [568], 6228, 6451], [573, [568], 6255, 6451], [575, [571], 6259, 6512], [589, [586], 6612, 6724], [620, [618], 6902, 7068], [623, [619], 6879, 6963], [651, [642], 7216, 7402], [669, [667], 7504, 7704], [686, [685], 7711, 7980], [694, [690], 7835, 8085], [697, [696], 7897, 8063], [703, [701], 8004, 8172], [707, [699], 7951, 8193], [711, [706], 7983, 8264], [715, [706], 8010, 8264], [729, [725], 8299, 8553], [731, [725], 8299, 8553], [753, [748], 8412, 8673], [769, [765], 8620, 8888], [772, [765], 8620, 8888], [795, [794], 8921, 8959], [801, [795], 8977, 9062], [804, [795], 8995, 9062], [831, [821], 9331, 9500], [837, [833], 9473, 9607], [842, [840], 9533, 9704], [846, [843], 9556, 9659], [856, [846], 9708, 9905], [876, [874], 10085, 10223], [898, [895], 10309, 10455], [902, [895], 10309, 10455], [942, [939], 10806, 10932], [951, [942], 10969, 11073], [957, [955], 11073, 11205], [962, [955], 11121, 11205], [963, [959], 11190, 11381], [970, [969], 11334, 11451], [988, [977], 11470, 11600], [995, [989], 11551, 11566], [1000, [995], 11601, 11849], [1005, [997], 11722, 11916], [1035, [1032], 11986, 12130], [1038, [1031], 12138, 12232], [1059, [1052], 12269, 12457], [1105, [1102], 12866, 13031], [1110, [1100], 12924, 13209], [1111, [1101], 12966, 13171], [1112, [1100], 12949, 13209], [1164, [1162], 13700, 13972], [1167, [1162], 13722, 13972], [1176, [1173], 13840, 14094], [1177, [1173], 13871, 14094], [1196, [1189], 14145, 14281], [1202, [1201], 14352, 14488], [1244, [1235], 14917, 15056], [1250, [1240], 14940, 15126], [1259, [1257], 15070, 15308], [1262, [1261], 15105, 15354], [1267, [1261], 15139, 15354], [1313, [1312], 15625, 15861], [1315, [1311], 15641, 15740], [1316, [1312], 15666, 15861], [1318, [1315], 15786, 15945], [1320, [1312], 15700, 15861], [1350, [1346], 16149, 16422], [1352, [1347], 16179, 16358], [1354, [1346], 16149, 16422], [1382, [1380], 16480, 16779], [1385, [1380], 16480, 16816], [1389, [1380], 16519, 16816], [1393, [1383], 16559, 16804], [1405, [1399], 16873, 17026], [1406, [1404], 16774, 16976], [1434, [1432], 17225, 17278], [1436, [1434], 17282, 17323], [1440, [1438], 17302, 17647], [1443, [1439], 17338, 17484], [1447, [1439], 17391, 17484], [1478, [1475], 17815, 17943], [1482, [1478], 17943, 18082], [1515, [1511], 18176, 18307], [1516, [1509], 18253, 18474], [1531, [1521], 18347, 18581], [1532, [1521], 18388, 18581], [1538, [1534], 18460, 18548], [1542, [1538], 18622, 18786], [1544, [1538], 18622, 18786], [1579, [1575], 18945, 19207], [1608, [1602], 19373, 19514], [1610, [1608], 19569, 19646], [1615, [1608], 19569, 19646], [1661, [1658], 19916, 20001], [1662, [1661], 20001, 20140], [1666, [1661], 20001, 20140], [1672, [1669], 20166, 20275], [1675, [1669], 20166, 20275], [1677, [1669], 20166, 20275], [1700, [1697], 20341, 20453], [1733, [1730], 20849, 20983], [1767, [1761], 21323, 21457], [1822, [1819], 21961, 22085], [1839, [1836], 22165, 22260], [1840, [1834], 22046, 22216], [1911, [1908], 23015, 23167], [1914, [1908], 23042, 23153], [1915, [1910], 23105, 23312], [1921, [1916], 23208, 23351], [1930, [1924], 23270, 23449], [1937, [1935], 23386, 23618], [1944, [1935], 23502, 23618], [1950, [1947], 23582, 23758], [1965, [1961], 23954, 24050], [1979, [1976], 24104, 24221], [1981, [1979], 24273, 24378], [1983, [1979], 24273, 24378], [1992, [1987], 24316, 24428], [1994, [1991], 24335, 24720], [2009, [1998], 24613, 24806], [2029, [2020], 24726, 24994], [2101, [2098], 25375, 25544], [2110, [2106], 25504, 25764], [2112, [2106], 25530, 25764], [2119, [2116], 25712, 25801], [2129, [2128], 25900, 26197], [2133, [2130], 25940, 26257], [2135, [2130], 25968, 26257], [2176, [2174], 26380, 26667], [2177, [2174], 26405, 26667], [2181, [2174], 26438, 26667], [2185, [2178], 26484, 26870], [2192, [2178], 26538, 26870], [2197, [2195], 26631, 27015], [2261, [2258], 27440, 27621], [2264, [2261], 27654, 27777], [2276, [2267], 27583, 27619], [2282, [2276], 27665, 28043], [2302, [2297], 27916, 28126], [2316, [2312], 28121, 28400], [2329, [2325], 28327, 28405], [2334, [2329], 28405, 28535], [2375, [2372], 28997, 29205], [2446, [2443], 29899, 30273], [2449, [2443], 29920, 30273], [2455, [2451], 29975, 30201], [2456, [2443], 29982, 30273], [2492, [2480], 30318, 30440]]

----------------------------------------------------------------------------

left_evasion = {'Ego Vehicle': {'Ego longitudinal activity': ['NA'], 
    'Ego lateral activity': ['follow lane']}, 
    'Target Vehicle #1': {'Target start position': {'same lane': ['behind']}, 
    'Target end position': {'adjacent lane': ['left adjacent lane']}, 
    'Target behavior': {'target longitudinal activity': ['NA'], 
    'target lateral activity': ['lane change left']}}}

numOfScenario = 198

# [EgoVehID, [TgtVehId], begFrame, endFrame]
[[24, [32], 218, 390], [27, [32], 218, 390], [37, [47], 410, 650], [38, [50], 417, 723], [42, [50], 417, 750], [49, [50], 417, 805], [84, [85], 816, 1039], [136, [139], 1326, 1566], [164, [167], 1685, 1992], [176, [181], 2056, 2135], [189, [199], 2087, 2360], [243, [245], 2422, 2712], [273, [288], 2877, 3153], [274, [282], 2785, 3071], [278, [282], 2785, 3071], [333, [340], 3373, 3540], [347, [352], 3517, 3679], [350, [352], 3517, 3679], [394, [404], 4091, 4417], [398, [404], 4091, 4417], [401, [404], 4091, 4417], [406, [410], 4146, 4462], [407, [410], 4146, 4472], [413, [417], 4463, 4580], [421, [426], 4513, 4652], [422, [425], 4383, 4588], [436, [442], 4717, 4869], [462, [468], 4948, 5120], [467, [475], 5002, 5207], [471, [483], 5068, 5215], [472, [475], 5002, 5207], [480, [483], 5068, 5215], [482, [485], 5121, 5291], [499, [511], 5501, 5715], [506, [511], 5501, 5856], [584, [591], 6674, 6790], [621, [627], 6918, 7128], [624, [627], 6918, 7128], [657, [663], 7470, 7628], [705, [712], 8161, 8383], [707, [714], 8043, 8278], [709, [714], 8043, 8278], [767, [773], 8741, 8882], [887, [891], 10267, 10369], [890, [891], 10267, 10369], [905, [909], 10399, 10523], [907, [909], 10399, 10523], [918, [920], 10686, 10811], [934, [937], 10914, 11059], [998, [1001], 11787, 11993], [1010, [1016], 11789, 12071], [1013, [1019], 11862, 12107], [1040, [1047], 12335, 12479], [1051, [1055], 12165, 12293], [1072, [1080], 12495, 12621], [1074, [1079], 12595, 12745], [1075, [1080], 12495, 12621], [1076, [1080], 12495, 12621], [1090, [1098], 12806, 12958], [1097, [1098], 12806, 12958], [1119, [1120], 13430, 13519], [1128, [1130], 13211, 13299], [1160, [1165], 13708, 13886], [1163, [1169], 13919, 14034], [1179, [1184], 13977, 14137], [1213, [1221], 14481, 14742], [1220, [1225], 14638, 14770], [1223, [1225], 14638, 14808], [1224, [1226], 14541, 14940], [1237, [1243], 14923, 15030], [1241, [1243], 14923, 15030], [1277, [1290], 15350, 15510], [1284, [1290], 15350, 15510], [1287, [1291], 15363, 15472], [1298, [1299], 15432, 15510], [1316, [1320], 15909, 16039], [1320, [1323], 15726, 15824], [1329, [1330], 16084, 16146], [1345, [1357], 16148, 16485], [1392, [1402], 16781, 16998], [1403, [1407], 16958, 17126], [1408, [1415], 16976, 17048], [1452, [1457], 17476, 17647], [1458, [1465], 17579, 17842], [1463, [1465], 17579, 17842], [1464, [1470], 17802, 17971], [1510, [1514], 18165, 18410], [1523, [1530], 18323, 18618], [1525, [1530], 18323, 18632], [1537, [1541], 18764, 18888], [1548, [1552], 18702, 18896], [1555, [1560], 18672, 18875], [1574, [1582], 18953, 19129], [1584, [1590], 19042, 19263], [1587, [1590], 19042, 19263], [1611, [1623], 19466, 19720], [1614, [1623], 19466, 19720], [1616, [1623], 19466, 19720], [1634, [1635], 19579, 19917], [1640, [1644], 19736, 20050], [1664, [1680], 20140, 20508], [1674, [1680], 20140, 20533], [1682, [1687], 20208, 20483], [1684, [1687], 20208, 20483], [1685, [1694], 20298, 20502], [1691, [1694], 20298, 20589], [1703, [1706], 20417, 20803], [1710, [1721], 20598, 20792], [1711, [1716], 20649, 20848], [1714, [1716], 20649, 20856], [1718, [1721], 20598, 20792], [1720, [1724], 20744, 20911], [1746, [1756], 21101, 21272], [1747, [1756], 21101, 21301], [1754, [1756], 21101, 21301], [1759, [1760], 21176, 21333], [1802, [1806], 21656, 21870], [1814, [1821], 22025, 22237], [1817, [1820], 21841, 21927], [1840, [1843], 22062, 22189], [1842, [1846], 22089, 22412], [1857, [1874], 22502, 22630], [1860, [1874], 22502, 22657], [1864, [1874], 22502, 22680], [1873, [1874], 22502, 22680], [1880, [1883], 22745, 22834], [1888, [1901], 22849, 22956], [1892, [1901], 22849, 22986], [1894, [1897], 22922, 23073], [1899, [1901], 22849, 22986], [1919, [1934], 23296, 23454], [1922, [1934], 23296, 23496], [1925, [1931], 23253, 23338], [1927, [1934], 23296, 23522], [1928, [1932], 23265, 23695], [1929, [1931], 23253, 23338], [1948, [1951], 23589, 23863], [1971, [1973], 24042, 24212], [1972, [1978], 24177, 24272], [2008, [2023], 24640, 24900], [2046, [2061], 24964, 25266], [2064, [2066], 25256, 25385], [2066, [2088], 25218, 25256], [2070, [2088], 25218, 25240], [2082, [2085], 25184, 25545], [2087, [2088], 25218, 25308], [2105, [2109], 25482, 25626], [2119, [2123], 25901, 26034], [2135, [2147], 26078, 26335], [2139, [2147], 26078, 26335], [2146, [2153], 26330, 26507], [2161, [2173], 26460, 26607], [2162, [2164], 26487, 26681], [2163, [2165], 26366, 26674], [2167, [2173], 26460, 26622], [2243, [2250], 27322, 27424], [2245, [2252], 27474, 27722], [2248, [2252], 27474, 27776], [2249, [2250], 27322, 27424], [2270, [2279], 27581, 27663], [2274, [2279], 27581, 27663], [2284, [2314], 28044, 28147], [2289, [2314], 28044, 28147], [2298, [2314], 28044, 28147], [2301, [2311], 28073, 28421], [2307, [2315], 28238, 28376], [2311, [2314], 28044, 28073], [2317, [2320], 28184, 28444], [2319, [2322], 28372, 28482], [2331, [2339], 28393, 28542], [2335, [2340], 28627, 28713], [2338, [2344], 28576, 28782], [2341, [2344], 28576, 28782], [2346, [2365], 28835, 28942], [2353, [2365], 28835, 28942], [2358, [2365], 28835, 28942], [2361, [2365], 28835, 28942], [2363, [2368], 28851, 28947], [2377, [2385], 29117, 29465], [2396, [2407], 29613, 30410], [2401, [2412], 29465, 29819], [2404, [2412], 29465, 29837], [2408, [2412], 29465, 29837], [2417, [2430], 29871, 30949], [2419, [2424], 29671, 30012], [2421, [2424], 29671, 30012], [2422, [2425], 29842, 29974], [2428, [2433], 29754, 29926], [2464, [2430], 30045, 30871], [2475, [2500], 30498, 30781], [2479, [2500], 30498, 30781], [2482, [2500], 30498, 30781], [2485, [2500], 30498, 30781], [2489, [2500], 30498, 30781], [2491, [2500], 30498, 30781], [2495, [2500], 30498, 30781], [2510, [2526], 30787, 30894], [2514, [2526], 30787, 30894]]


right_evasion = {'Ego Vehicle': {'Ego longitudinal activity': ['NA'], 
    'Ego lateral activity': ['follow lane']}, 
    'Target Vehicle #1': {'Target start position': {'same lane': ['behind']}, 
    'Target end position': {'adjacent lane': ['right adjacent lane']}, 
    'Target behavior': {'target longitudinal activity': ['NA'], 
    'target lateral activity': ['lane change right']}}}

numOfScenario = 144

# [EgoVehID, [TgtVehId], begFrame, endFrame]
[[11, [22], 38, 151], [23, [25], 137, 241], [55, [63], 620, 779], [88, [95], 1055, 1160], [106, [108], 974, 1151], [148, [150], 1603, 1707], [171, [173], 1826, 1956], [187, [194], 1997, 2129], [190, [194], 1997, 2129], [217, [219], 2359, 2549], [267, [269], 2776, 2948], [286, [296], 2911, 3157], [294, [295], 2992, 3134], [314, [319], 3102, 3335], [338, [351], 3500, 3633], [341, [346], 3462, 3631], [342, [346], 3462, 3631], [348, [355], 3595, 3744], [349, [355], 3595, 3744], [366, [371], 3795, 4150], [383, [390], 4024, 4263], [386, [388], 3945, 4091], [389, [395], 4087, 4313], [391, [395], 4087, 4328], [436, [450], 4791, 4967], [447, [450], 4791, 4999], [493, [503], 5435, 5566], [495, [502], 5420, 5535], [496, [498], 5330, 5584], [504, [505], 5478, 5736], [532, [537], 5780, 6043], [536, [537], 5780, 6102], [541, [547], 5944, 6167], [560, [568], 6188, 6413], [564, [566], 6177, 6339], [612, [619], 6828, 6963], [615, [618], 6902, 6986], [635, [639], 7235, 7341], [644, [662], 7328, 7439], [664, [675], 7514, 7676], [673, [685], 7689, 7791], [686, [696], 7897, 8002], [693, [696], 7897, 8038], [694, [699], 7939, 8085], [703, [706], 7983, 8199], [721, [725], 8299, 8502], [724, [725], 8299, 8531], [732, [748], 8412, 8510], [735, [748], 8412, 8550], [737, [748], 8412, 8591], [790, [794], 8893, 8988], [791, [794], 8893, 8988], [792, [794], 8893, 8988], [812, [821], 9217, 9375], [831, [840], 9533, 9639], [834, [840], 9533, 9674], [879, [895], 10309, 10455], [884, [895], 10309, 10455], [916, [925], 10596, 10768], [928, [939], 10775, 10898], [953, [955], 11061, 11205], [956, [959], 11190, 11373], [962, [969], 11334, 11441], [966, [969], 11334, 11451], [987, [989], 11489, 11695], [1021, [1032], 11986, 12130], [1029, [1031], 12138, 12221], [1038, [1041], 12023, 12269], [1039, [1041], 12023, 12269], [1042, [1045], 12080, 12158], [1049, [1052], 12269, 12451], [1094, [1102], 12845, 12990], [1158, [1162], 13696, 13912], [1163, [1173], 13837, 14034], [1169, [1173], 13837, 13919], [1182, [1189], 14113, 14247], [1196, [1201], 14352, 14458], [1251, [1257], 15044, 15282], [1259, [1261], 15094, 15354], [1306, [1312], 15625, 15848], [1308, [1312], 15625, 15861], [1309, [1311], 15626, 15740], [1342, [1346], 16149, 16409], [1364, [1370], 16294, 16546], [1376, [1383], 16496, 16778], [1398, [1399], 16873, 17019], [1427, [1435], 17263, 17359], [1429, [1438], 17288, 17444], [1443, [1444], 17372, 17518], [1467, [1475], 17815, 17902], [1505, [1511], 18146, 18307], [1517, [1521], 18258, 18555], [1529, [1534], 18444, 18548], [1569, [1575], 18925, 19104], [1596, [1602], 19373, 19514], [1653, [1658], 19916, 20092], [1667, [1669], 20166, 20275], [1693, [1697], 20315, 20453], [1728, [1730], 20849, 20982], [1777, [1778], 21345, 21611], [1788, [1812], 21744, 21828], [1802, [1812], 21744, 21828], [1824, [1834], 22043, 22210], [1829, [1836], 22165, 22259], [1832, [1836], 22165, 22260], [1844, [1847], 22097, 22334], [1893, [1898], 22820, 22953], [1899, [1910], 23105, 23156], [1904, [1908], 23015, 23165], [1909, [1920], 23131, 23332], [1911, [1914], 23153, 23287], [1917, [1920], 23131, 23181], [1943, [1947], 23546, 23757], [1965, [1975], 24049, 24099], [1966, [1975], 24049, 24120], [1968, [1975], 24049, 24160], [1984, [1985], 24267, 24525], [1988, [1993], 24334, 24559], [1990, [1993], 24334, 24578], [2015, [2020], 24726, 24956], [2017, [2020], 24726, 24983], [2092, [2098], 25346, 25544], [2093, [2100], 25507, 25616], [2097, [2100], 25507, 25647], [2101, [2106], 25496, 25666], [2102, [2116], 25692, 25751], [2105, [2116], 25692, 25801], [2113, [2116], 25692, 25801], [2137, [2141], 26136, 26296], [2169, [2178], 26418, 26735], [2171, [2174], 26366, 26667], [2193, [2195], 26631, 26919], [2200, [2203], 26684, 26871], [2244, [2247], 27283, 27504], [2254, [2267], 27583, 27774], [2268, [2267], 27583, 27774], [2287, [2291], 27779, 27889], [2296, [2297], 27876, 28126], [2310, [2312], 28121, 28378], [2366, [2372], 28994, 29150], [2369, [2372], 28994, 29182], [2439, [2451], 29964, 30149], [2441, [2443], 29899, 30249], [2465, [2480], 30271, 30388]]
